pop	num_min_alleles	count	proj_prop	proj	maf	mgc	hwe	min_ind	min_loci	LD
B	1	18071.2223249878	0.5	30	0	1	0.000001	0.7	0.7	TRUE
B	2	21248.3817344765	0.5	30	0	1	0.000001	0.7	0.7	TRUE
B	3	20333.1074962243	0.5	30	0	1	0.000001	0.7	0.7	TRUE
B	4	14183.4041493265	0.5	30	0	1	0.000001	0.7	0.7	TRUE
B	5	11011.9971928283	0.5	30	0	1	0.000001	0.7	0.7	TRUE
B	6	9147.6151419569	0.5	30	0	1	0.000001	0.7	0.7	TRUE
B	7	7934.96812060341	0.5	30	0	1	0.000001	0.7	0.7	TRUE
B	8	7085.08690523447	0.5	30	0	1	0.000001	0.7	0.7	TRUE
B	9	6471.64681165242	0.5	30	0	1	0.000001	0.7	0.7	TRUE
B	10	6026.35929781995	0.5	30	0	1	0.000001	0.7	0.7	TRUE
B	11	5700.56452221685	0.5	30	0	1	0.000001	0.7	0.7	TRUE
B	12	5458.95847685539	0.5	30	0	1	0.000001	0.7	0.7	TRUE
B	13	5277.90849564599	0.5	30	0	1	0.000001	0.7	0.7	TRUE
B	14	5146.6752112998	0.5	30	0	1	0.000001	0.7	0.7	TRUE
B	15	5065.31095624296	0.5	30	0	1	0.000001	0.7	0.7	TRUE
B	1	12315.2297229603	0.7	42	0	1	0.000001	0.7	0.7	TRUE
B	2	13734.9867054912	0.7	42	0	1	0.000001	0.7	0.7	TRUE
B	3	19712.2775224289	0.7	42	0	1	0.000001	0.7	0.7	TRUE
B	4	13787.0217643365	0.7	42	0	1	0.000001	0.7	0.7	TRUE
B	5	10597.9944150816	0.7	42	0	1	0.000001	0.7	0.7	TRUE
B	6	8659.33009240605	0.7	42	0	1	0.000001	0.7	0.7	TRUE
B	7	7399.04966326508	0.7	42	0	1	0.000001	0.7	0.7	TRUE
B	8	6544.67957637114	0.7	42	0	1	0.000001	0.7	0.7	TRUE
B	9	5898.23498990995	0.7	42	0	1	0.000001	0.7	0.7	TRUE
B	10	5381.10515195621	0.7	42	0	1	0.000001	0.7	0.7	TRUE
B	11	4979.8507912931	0.7	42	0	1	0.000001	0.7	0.7	TRUE
B	12	4671.31553632794	0.7	42	0	1	0.000001	0.7	0.7	TRUE
B	13	4423.08269837456	0.7	42	0	1	0.000001	0.7	0.7	TRUE
B	14	4223.62027311723	0.7	42	0	1	0.000001	0.7	0.7	TRUE
B	15	4071.14976931748	0.7	42	0	1	0.000001	0.7	0.7	TRUE
B	16	3953.3657073445	0.7	42	0	1	0.000001	0.7	0.7	TRUE
B	17	3853.32536007359	0.7	42	0	1	0.000001	0.7	0.7	TRUE
B	18	3763.80484249178	0.7	42	0	1	0.000001	0.7	0.7	TRUE
B	19	3688.034707918	0.7	42	0	1	0.000001	0.7	0.7	TRUE
B	20	3631.96842080654	0.7	42	0	1	0.000001	0.7	0.7	TRUE
B	21	3598.66639316861	0.7	42	0	1	0.000001	0.7	0.7	TRUE
B	1	9836.58069559366	0.9	54	0	1	0.000001	0.7	0.7	TRUE
B	2	6545.48036202287	0.9	54	0	1	0.000001	0.7	0.7	TRUE
B	3	19195.533337742	0.9	54	0	1	0.000001	0.7	0.7	TRUE
B	4	13539.6242678418	0.9	54	0	1	0.000001	0.7	0.7	TRUE
B	5	10391.1657085806	0.9	54	0	1	0.000001	0.7	0.7	TRUE
B	6	8501.0217331048	0.9	54	0	1	0.000001	0.7	0.7	TRUE
B	7	7130.70327125992	0.9	54	0	1	0.000001	0.7	0.7	TRUE
B	8	6202.5583360145	0.9	54	0	1	0.000001	0.7	0.7	TRUE
B	9	5575.19856025916	0.9	54	0	1	0.000001	0.7	0.7	TRUE
B	10	5141.84253759059	0.9	54	0	1	0.000001	0.7	0.7	TRUE
B	11	4719.04418454748	0.9	54	0	1	0.000001	0.7	0.7	TRUE
B	12	4331.50748520035	0.9	54	0	1	0.000001	0.7	0.7	TRUE
B	13	4039.64875223319	0.9	54	0	1	0.000001	0.7	0.7	TRUE
B	14	3841.98268954879	0.9	54	0	1	0.000001	0.7	0.7	TRUE
B	15	3683.56102316099	0.9	54	0	1	0.000001	0.7	0.7	TRUE
B	16	3508.73408019309	0.9	54	0	1	0.000001	0.7	0.7	TRUE
B	17	3339.91188514033	0.9	54	0	1	0.000001	0.7	0.7	TRUE
B	18	3231.35720509798	0.9	54	0	1	0.000001	0.7	0.7	TRUE
B	19	3168.10476443473	0.9	54	0	1	0.000001	0.7	0.7	TRUE
B	20	3109.88693768309	0.9	54	0	1	0.000001	0.7	0.7	TRUE
B	21	3048.35988076031	0.9	54	0	1	0.000001	0.7	0.7	TRUE
B	22	2985.366893204	0.9	54	0	1	0.000001	0.7	0.7	TRUE
B	23	2926.29521107644	0.9	54	0	1	0.000001	0.7	0.7	TRUE
B	24	2871.23542187914	0.9	54	0	1	0.000001	0.7	0.7	TRUE
B	25	2827.38088255676	0.9	54	0	1	0.000001	0.7	0.7	TRUE
B	26	2803.18421951486	0.9	54	0	1	0.000001	0.7	0.7	TRUE
B	27	2792.41634150882	0.9	54	0	1	0.000001	0.7	0.7	TRUE
C	1	66028.7857568021	0.5	30	0	1	0.000001	0.7	0.7	TRUE
C	2	7497.98960395769	0.5	30	0	1	0.000001	0.7	0.7	TRUE
C	3	7471.31468854221	0.5	30	0	1	0.000001	0.7	0.7	TRUE
C	4	6907.79878150655	0.5	30	0	1	0.000001	0.7	0.7	TRUE
C	5	6512.0525774675	0.5	30	0	1	0.000001	0.7	0.7	TRUE
C	6	6183.95208093188	0.5	30	0	1	0.000001	0.7	0.7	TRUE
C	7	5909.56241940272	0.5	30	0	1	0.000001	0.7	0.7	TRUE
C	8	5682.10278058311	0.5	30	0	1	0.000001	0.7	0.7	TRUE
C	9	5494.90058325834	0.5	30	0	1	0.000001	0.7	0.7	TRUE
C	10	5335.85610681552	0.5	30	0	1	0.000001	0.7	0.7	TRUE
C	11	5200.10884825688	0.5	30	0	1	0.000001	0.7	0.7	TRUE
C	12	5090.7132126074	0.5	30	0	1	0.000001	0.7	0.7	TRUE
C	13	5011.08124113961	0.5	30	0	1	0.000001	0.7	0.7	TRUE
C	14	4960.15597140945	0.5	30	0	1	0.000001	0.7	0.7	TRUE
C	15	4933.16664278332	0.5	30	0	1	0.000001	0.7	0.7	TRUE
C	1	63957.5990383442	0.7	42	0	1	0.000001	0.7	0.7	TRUE
C	2	5235.86844188632	0.7	42	0	1	0.000001	0.7	0.7	TRUE
C	3	5806.346173059	0.7	42	0	1	0.000001	0.7	0.7	TRUE
C	4	5334.14963856878	0.7	42	0	1	0.000001	0.7	0.7	TRUE
C	5	5075.30327196795	0.7	42	0	1	0.000001	0.7	0.7	TRUE
C	6	4832.9948577917	0.7	42	0	1	0.000001	0.7	0.7	TRUE
C	7	4653.00486928561	0.7	42	0	1	0.000001	0.7	0.7	TRUE
C	8	4478.54643365558	0.7	42	0	1	0.000001	0.7	0.7	TRUE
C	9	4316.46874988853	0.7	42	0	1	0.000001	0.7	0.7	TRUE
C	10	4182.63326287952	0.7	42	0	1	0.000001	0.7	0.7	TRUE
C	11	4073.57512806737	0.7	42	0	1	0.000001	0.7	0.7	TRUE
C	12	3982.50087256679	0.7	42	0	1	0.000001	0.7	0.7	TRUE
C	13	3897.86831779625	0.7	42	0	1	0.000001	0.7	0.7	TRUE
C	14	3814.56371189002	0.7	42	0	1	0.000001	0.7	0.7	TRUE
C	15	3736.69722550573	0.7	42	0	1	0.000001	0.7	0.7	TRUE
C	16	3672.07185955132	0.7	42	0	1	0.000001	0.7	0.7	TRUE
C	17	3622.75330284085	0.7	42	0	1	0.000001	0.7	0.7	TRUE
C	18	3586.16386851569	0.7	42	0	1	0.000001	0.7	0.7	TRUE
C	19	3561.34322894592	0.7	42	0	1	0.000001	0.7	0.7	TRUE
C	20	3547.94131940967	0.7	42	0	1	0.000001	0.7	0.7	TRUE
C	21	3542.78052952636	0.7	42	0	1	0.000001	0.7	0.7	TRUE
C	1	62863.0674160282	0.9	54	0	1	0.000001	0.7	0.7	TRUE
C	2	3708.7594769959	0.9	54	0	1	0.000001	0.7	0.7	TRUE
C	3	4861.95939284343	0.9	54	0	1	0.000001	0.7	0.7	TRUE
C	4	4322.32466038406	0.9	54	0	1	0.000001	0.7	0.7	TRUE
C	5	4237.47149414814	0.9	54	0	1	0.000001	0.7	0.7	TRUE
C	6	3979.94604974518	0.9	54	0	1	0.000001	0.7	0.7	TRUE
C	7	3815.66557247156	0.9	54	0	1	0.000001	0.7	0.7	TRUE
C	8	3774.31358852456	0.9	54	0	1	0.000001	0.7	0.7	TRUE
C	9	3605.26179697246	0.9	54	0	1	0.000001	0.7	0.7	TRUE
C	10	3520.38368180066	0.9	54	0	1	0.000001	0.7	0.7	TRUE
C	11	3399.40707670165	0.9	54	0	1	0.000001	0.7	0.7	TRUE
C	12	3301.83708543464	0.9	54	0	1	0.000001	0.7	0.7	TRUE
C	13	3238.80065969703	0.9	54	0	1	0.000001	0.7	0.7	TRUE
C	14	3171.49648293195	0.9	54	0	1	0.000001	0.7	0.7	TRUE
C	15	3117.66180272539	0.9	54	0	1	0.000001	0.7	0.7	TRUE
C	16	3087.71038309888	0.9	54	0	1	0.000001	0.7	0.7	TRUE
C	17	3033.47360696925	0.9	54	0	1	0.000001	0.7	0.7	TRUE
C	18	2962.04958101541	0.9	54	0	1	0.000001	0.7	0.7	TRUE
C	19	2903.68945023402	0.9	54	0	1	0.000001	0.7	0.7	TRUE
C	20	2864.0917210537	0.9	54	0	1	0.000001	0.7	0.7	TRUE
C	21	2844.81558072026	0.9	54	0	1	0.000001	0.7	0.7	TRUE
C	22	2824.12499629473	0.9	54	0	1	0.000001	0.7	0.7	TRUE
C	23	2787.59036294847	0.9	54	0	1	0.000001	0.7	0.7	TRUE
C	24	2763.85949736994	0.9	54	0	1	0.000001	0.7	0.7	TRUE
C	25	2768.45298784389	0.9	54	0	1	0.000001	0.7	0.7	TRUE
C	26	2773.07744484745	0.9	54	0	1	0.000001	0.7	0.7	TRUE
C	27	2768.1178817616	0.9	54	0	1	0.000001	0.7	0.7	TRUE
