pop	num_min_alleles	count	proj_prop	proj	maf	mgc	hwe	min_ind	min_loci	LD
B	1	19272.8362048143	0.5	30	0	1	0.001	0.7	0.7	FALSE
B	2	22556.1015708007	0.5	30	0	1	0.001	0.7	0.7	FALSE
B	3	21302.4682264049	0.5	30	0	1	0.001	0.7	0.7	FALSE
B	4	14783.4025707909	0.5	30	0	1	0.001	0.7	0.7	FALSE
B	5	11487.9627381324	0.5	30	0	1	0.001	0.7	0.7	FALSE
B	6	9566.63231348936	0.5	30	0	1	0.001	0.7	0.7	FALSE
B	7	8318.57310664634	0.5	30	0	1	0.001	0.7	0.7	FALSE
B	8	7439.85367129625	0.5	30	0	1	0.001	0.7	0.7	FALSE
B	9	6802.03340651533	0.5	30	0	1	0.001	0.7	0.7	FALSE
B	10	6337.32168003096	0.5	30	0	1	0.001	0.7	0.7	FALSE
B	11	5997.57442811114	0.5	30	0	1	0.001	0.7	0.7	FALSE
B	12	5746.38662402584	0.5	30	0	1	0.001	0.7	0.7	FALSE
B	13	5558.4365973837	0.5	30	0	1	0.001	0.7	0.7	FALSE
B	14	5422.1906268541	0.5	30	0	1	0.001	0.7	0.7	FALSE
B	15	5337.7374642914	0.5	30	0	1	0.001	0.7	0.7	FALSE
B	1	13129.4436995791	0.7	42	0	1	0.001	0.7	0.7	FALSE
B	2	14761.6488822908	0.7	42	0	1	0.001	0.7	0.7	FALSE
B	3	20761.1615832543	0.7	42	0	1	0.001	0.7	0.7	FALSE
B	4	14378.57311337	0.7	42	0	1	0.001	0.7	0.7	FALSE
B	5	11034.403969439	0.7	42	0	1	0.001	0.7	0.7	FALSE
B	6	9015.65540715806	0.7	42	0	1	0.001	0.7	0.7	FALSE
B	7	7724.35835950198	0.7	42	0	1	0.001	0.7	0.7	FALSE
B	8	6846.94727740623	0.7	42	0	1	0.001	0.7	0.7	FALSE
B	9	6182.03460881667	0.7	42	0	1	0.001	0.7	0.7	FALSE
B	10	5650.21277919298	0.7	42	0	1	0.001	0.7	0.7	FALSE
B	11	5234.24400583331	0.7	42	0	1	0.001	0.7	0.7	FALSE
B	12	4910.87543835653	0.7	42	0	1	0.001	0.7	0.7	FALSE
B	13	4649.63350539801	0.7	42	0	1	0.001	0.7	0.7	FALSE
B	14	4440.76723465124	0.7	42	0	1	0.001	0.7	0.7	FALSE
B	15	4282.90146549792	0.7	42	0	1	0.001	0.7	0.7	FALSE
B	16	4161.73984163898	0.7	42	0	1	0.001	0.7	0.7	FALSE
B	17	4057.96797989947	0.7	42	0	1	0.001	0.7	0.7	FALSE
B	18	3964.31416470891	0.7	42	0	1	0.001	0.7	0.7	FALSE
B	19	3885.39136507991	0.7	42	0	1	0.001	0.7	0.7	FALSE
B	20	3827.52305531186	0.7	42	0	1	0.001	0.7	0.7	FALSE
B	21	3793.21205986463	0.7	42	0	1	0.001	0.7	0.7	FALSE
B	1	10437.7481169814	0.9	54	0	1	0.001	0.7	0.7	FALSE
B	2	7237.59543615042	0.9	54	0	1	0.001	0.7	0.7	FALSE
B	3	20348.1427488812	0.9	54	0	1	0.001	0.7	0.7	FALSE
B	4	14133.9595198576	0.9	54	0	1	0.001	0.7	0.7	FALSE
B	5	10850.7636775546	0.9	54	0	1	0.001	0.7	0.7	FALSE
B	6	8823.48807886798	0.9	54	0	1	0.001	0.7	0.7	FALSE
B	7	7412.25873981523	0.9	54	0	1	0.001	0.7	0.7	FALSE
B	8	6474.63811803706	0.9	54	0	1	0.001	0.7	0.7	FALSE
B	9	5826.12775774827	0.9	54	0	1	0.001	0.7	0.7	FALSE
B	10	5372.63622063877	0.9	54	0	1	0.001	0.7	0.7	FALSE
B	11	4944.42757791747	0.9	54	0	1	0.001	0.7	0.7	FALSE
B	12	4550.6844704747	0.9	54	0	1	0.001	0.7	0.7	FALSE
B	13	4247.29040301683	0.9	54	0	1	0.001	0.7	0.7	FALSE
B	14	4041.25507635634	0.9	54	0	1	0.001	0.7	0.7	FALSE
B	15	3872.58175272517	0.9	54	0	1	0.001	0.7	0.7	FALSE
B	16	3688.28114923656	0.9	54	0	1	0.001	0.7	0.7	FALSE
B	17	3509.51937163855	0.9	54	0	1	0.001	0.7	0.7	FALSE
B	18	3392.82578313015	0.9	54	0	1	0.001	0.7	0.7	FALSE
B	19	3331.67199632614	0.9	54	0	1	0.001	0.7	0.7	FALSE
B	20	3278.74995164171	0.9	54	0	1	0.001	0.7	0.7	FALSE
B	21	3214.18463991797	0.9	54	0	1	0.001	0.7	0.7	FALSE
B	22	3142.10005339181	0.9	54	0	1	0.001	0.7	0.7	FALSE
B	23	3078.27056167864	0.9	54	0	1	0.001	0.7	0.7	FALSE
B	24	3024.16168229932	0.9	54	0	1	0.001	0.7	0.7	FALSE
B	25	2981.61936378852	0.9	54	0	1	0.001	0.7	0.7	FALSE
B	26	2956.72553254987	0.9	54	0	1	0.001	0.7	0.7	FALSE
B	27	2943.36971512006	0.9	54	0	1	0.001	0.7	0.7	FALSE
C	1	68009.1002546457	0.5	30	0	1	0.001	0.7	0.7	FALSE
C	2	8247.87669037441	0.5	30	0	1	0.001	0.7	0.7	FALSE
C	3	8088.78105945518	0.5	30	0	1	0.001	0.7	0.7	FALSE
C	4	7447.11473403579	0.5	30	0	1	0.001	0.7	0.7	FALSE
C	5	6995.23360069222	0.5	30	0	1	0.001	0.7	0.7	FALSE
C	6	6626.23941485621	0.5	30	0	1	0.001	0.7	0.7	FALSE
C	7	6320.17451694248	0.5	30	0	1	0.001	0.7	0.7	FALSE
C	8	6061.74910772389	0.5	30	0	1	0.001	0.7	0.7	FALSE
C	9	5842.84963318162	0.5	30	0	1	0.001	0.7	0.7	FALSE
C	10	5656.54937147208	0.5	30	0	1	0.001	0.7	0.7	FALSE
C	11	5503.48198515863	0.5	30	0	1	0.001	0.7	0.7	FALSE
C	12	5386.83856311561	0.5	30	0	1	0.001	0.7	0.7	FALSE
C	13	5305.82041515757	0.5	30	0	1	0.001	0.7	0.7	FALSE
C	14	5254.97537724935	0.5	30	0	1	0.001	0.7	0.7	FALSE
C	15	5227.66037021073	0.5	30	0	1	0.001	0.7	0.7	FALSE
C	1	65715.9589951364	0.7	42	0	1	0.001	0.7	0.7	FALSE
C	2	5841.07183511809	0.7	42	0	1	0.001	0.7	0.7	FALSE
C	3	6307.09710131347	0.7	42	0	1	0.001	0.7	0.7	FALSE
C	4	5775.58449414713	0.7	42	0	1	0.001	0.7	0.7	FALSE
C	5	5479.09473703147	0.7	42	0	1	0.001	0.7	0.7	FALSE
C	6	5196.56559466962	0.7	42	0	1	0.001	0.7	0.7	FALSE
C	7	4991.53945285146	0.7	42	0	1	0.001	0.7	0.7	FALSE
C	8	4796.92389684389	0.7	42	0	1	0.001	0.7	0.7	FALSE
C	9	4622.37497065687	0.7	42	0	1	0.001	0.7	0.7	FALSE
C	10	4476.83486574073	0.7	42	0	1	0.001	0.7	0.7	FALSE
C	11	4350.75499269088	0.7	42	0	1	0.001	0.7	0.7	FALSE
C	12	4237.42973991071	0.7	42	0	1	0.001	0.7	0.7	FALSE
C	13	4130.81153145484	0.7	42	0	1	0.001	0.7	0.7	FALSE
C	14	4032.17786595398	0.7	42	0	1	0.001	0.7	0.7	FALSE
C	15	3947.44474175526	0.7	42	0	1	0.001	0.7	0.7	FALSE
C	16	3881.6128105642	0.7	42	0	1	0.001	0.7	0.7	FALSE
C	17	3833.67065298737	0.7	42	0	1	0.001	0.7	0.7	FALSE
C	18	3799.51500482061	0.7	42	0	1	0.001	0.7	0.7	FALSE
C	19	3776.38285339895	0.7	42	0	1	0.001	0.7	0.7	FALSE
C	20	3761.96553050195	0.7	42	0	1	0.001	0.7	0.7	FALSE
C	21	3753.73771852175	0.7	42	0	1	0.001	0.7	0.7	FALSE
C	1	64483.4862685887	0.9	54	0	1	0.001	0.7	0.7	FALSE
C	2	4222.43070472382	0.9	54	0	1	0.001	0.7	0.7	FALSE
C	3	5294.15063141319	0.9	54	0	1	0.001	0.7	0.7	FALSE
C	4	4682.44435514987	0.9	54	0	1	0.001	0.7	0.7	FALSE
C	5	4605.13511397316	0.9	54	0	1	0.001	0.7	0.7	FALSE
C	6	4287.23507206602	0.9	54	0	1	0.001	0.7	0.7	FALSE
C	7	4114.59461380006	0.9	54	0	1	0.001	0.7	0.7	FALSE
C	8	4052.84582882723	0.9	54	0	1	0.001	0.7	0.7	FALSE
C	9	3858.67199526707	0.9	54	0	1	0.001	0.7	0.7	FALSE
C	10	3768.23786889279	0.9	54	0	1	0.001	0.7	0.7	FALSE
C	11	3638.14103638833	0.9	54	0	1	0.001	0.7	0.7	FALSE
C	12	3543.26356733204	0.9	54	0	1	0.001	0.7	0.7	FALSE
C	13	3471.87709391523	0.9	54	0	1	0.001	0.7	0.7	FALSE
C	14	3394.20028285865	0.9	54	0	1	0.001	0.7	0.7	FALSE
C	15	3324.00146365044	0.9	54	0	1	0.001	0.7	0.7	FALSE
C	16	3269.48299911377	0.9	54	0	1	0.001	0.7	0.7	FALSE
C	17	3197.85730720729	0.9	54	0	1	0.001	0.7	0.7	FALSE
C	18	3122.28906274937	0.9	54	0	1	0.001	0.7	0.7	FALSE
C	19	3067.82908187647	0.9	54	0	1	0.001	0.7	0.7	FALSE
C	20	3028.85266988989	0.9	54	0	1	0.001	0.7	0.7	FALSE
C	21	3006.30511634541	0.9	54	0	1	0.001	0.7	0.7	FALSE
C	22	2985.74805452476	0.9	54	0	1	0.001	0.7	0.7	FALSE
C	23	2954.22138107212	0.9	54	0	1	0.001	0.7	0.7	FALSE
C	24	2936.56353625148	0.9	54	0	1	0.001	0.7	0.7	FALSE
C	25	2944.27396329403	0.9	54	0	1	0.001	0.7	0.7	FALSE
C	26	2944.28715740259	0.9	54	0	1	0.001	0.7	0.7	FALSE
C	27	2927.11392425615	0.9	54	0	1	0.001	0.7	0.7	FALSE
