pop	num_min_alleles	count	proj_prop	proj	maf	mgc	hwe	min_ind	min_loci	LD
B	1	35156.8760235444	0.5	30	0	1	0.01	0.7	0.7	FALSE
B	2	26916.5322187386	0.5	30	0	1	0.01	0.7	0.7	FALSE
B	3	21357.1886236982	0.5	30	0	1	0.01	0.7	0.7	FALSE
B	4	14758.8665757313	0.5	30	0	1	0.01	0.7	0.7	FALSE
B	5	11508.5720478278	0.5	30	0	1	0.01	0.7	0.7	FALSE
B	6	9595.11207814337	0.5	30	0	1	0.01	0.7	0.7	FALSE
B	7	8342.73964275769	0.5	30	0	1	0.01	0.7	0.7	FALSE
B	8	7465.79843303569	0.5	30	0	1	0.01	0.7	0.7	FALSE
B	9	6821.30466296367	0.5	30	0	1	0.01	0.7	0.7	FALSE
B	10	6336.10908232031	0.5	30	0	1	0.01	0.7	0.7	FALSE
B	11	5970.23712520976	0.5	30	0	1	0.01	0.7	0.7	FALSE
B	12	5701.23704661105	0.5	30	0	1	0.01	0.7	0.7	FALSE
B	13	5514.54183444317	0.5	30	0	1	0.01	0.7	0.7	FALSE
B	14	5396.10672825716	0.5	30	0	1	0.01	0.7	0.7	FALSE
B	15	5331.91294939271	0.5	30	0	1	0.01	0.7	0.7	FALSE
B	1	27281.7551604402	0.7	42	0	1	0.01	0.7	0.7	FALSE
B	2	20779.0658098959	0.7	42	0	1	0.01	0.7	0.7	FALSE
B	3	20943.5910262343	0.7	42	0	1	0.01	0.7	0.7	FALSE
B	4	14306.8446645711	0.7	42	0	1	0.01	0.7	0.7	FALSE
B	5	10992.3859363084	0.7	42	0	1	0.01	0.7	0.7	FALSE
B	6	9054.37596753162	0.7	42	0	1	0.01	0.7	0.7	FALSE
B	7	7761.22930831437	0.7	42	0	1	0.01	0.7	0.7	FALSE
B	8	6848.9120703528	0.7	42	0	1	0.01	0.7	0.7	FALSE
B	9	6189.54203821533	0.7	42	0	1	0.01	0.7	0.7	FALSE
B	10	5675.98208816992	0.7	42	0	1	0.01	0.7	0.7	FALSE
B	11	5263.98285701728	0.7	42	0	1	0.01	0.7	0.7	FALSE
B	12	4935.27423835168	0.7	42	0	1	0.01	0.7	0.7	FALSE
B	13	4668.40375233687	0.7	42	0	1	0.01	0.7	0.7	FALSE
B	14	4445.78784019971	0.7	42	0	1	0.01	0.7	0.7	FALSE
B	15	4259.8974048883	0.7	42	0	1	0.01	0.7	0.7	FALSE
B	16	4109.80646036584	0.7	42	0	1	0.01	0.7	0.7	FALSE
B	17	3996.14260940613	0.7	42	0	1	0.01	0.7	0.7	FALSE
B	18	3916.23265835748	0.7	42	0	1	0.01	0.7	0.7	FALSE
B	19	3862.80594355537	0.7	42	0	1	0.01	0.7	0.7	FALSE
B	20	3828.15892253692	0.7	42	0	1	0.01	0.7	0.7	FALSE
B	21	3808.0956748364	0.7	42	0	1	0.01	0.7	0.7	FALSE
B	1	22888.9717552542	0.9	54	0	1	0.01	0.7	0.7	FALSE
B	2	14819.793655921	0.9	54	0	1	0.01	0.7	0.7	FALSE
B	3	20706.1480965313	0.9	54	0	1	0.01	0.7	0.7	FALSE
B	4	14119.0369216002	0.9	54	0	1	0.01	0.7	0.7	FALSE
B	5	10717.841787972	0.9	54	0	1	0.01	0.7	0.7	FALSE
B	6	8740.40367812465	0.9	54	0	1	0.01	0.7	0.7	FALSE
B	7	7525.03464774547	0.9	54	0	1	0.01	0.7	0.7	FALSE
B	8	6540.15402360251	0.9	54	0	1	0.01	0.7	0.7	FALSE
B	9	5818.99133281026	0.9	54	0	1	0.01	0.7	0.7	FALSE
B	10	5329.61706732141	0.9	54	0	1	0.01	0.7	0.7	FALSE
B	11	4944.47330443558	0.9	54	0	1	0.01	0.7	0.7	FALSE
B	12	4589.88666139644	0.9	54	0	1	0.01	0.7	0.7	FALSE
B	13	4290.71655671343	0.9	54	0	1	0.01	0.7	0.7	FALSE
B	14	4059.33601156592	0.9	54	0	1	0.01	0.7	0.7	FALSE
B	15	3869.17414628011	0.9	54	0	1	0.01	0.7	0.7	FALSE
B	16	3704.47675237229	0.9	54	0	1	0.01	0.7	0.7	FALSE
B	17	3554.82712369762	0.9	54	0	1	0.01	0.7	0.7	FALSE
B	18	3427.79699158284	0.9	54	0	1	0.01	0.7	0.7	FALSE
B	19	3315.10520087722	0.9	54	0	1	0.01	0.7	0.7	FALSE
B	20	3210.90162672243	0.9	54	0	1	0.01	0.7	0.7	FALSE
B	21	3127.11953235351	0.9	54	0	1	0.01	0.7	0.7	FALSE
B	22	3071.47219948669	0.9	54	0	1	0.01	0.7	0.7	FALSE
B	23	3038.70720787411	0.9	54	0	1	0.01	0.7	0.7	FALSE
B	24	3014.92153541491	0.9	54	0	1	0.01	0.7	0.7	FALSE
B	25	2989.418163102	0.9	54	0	1	0.01	0.7	0.7	FALSE
B	26	2970.25943520944	0.9	54	0	1	0.01	0.7	0.7	FALSE
B	27	2963.32298562299	0.9	54	0	1	0.01	0.7	0.7	FALSE
C	1	35051.509065923	0.5	30	0	1	0.01	0.7	0.7	FALSE
C	2	26909.8723008814	0.5	30	0	1	0.01	0.7	0.7	FALSE
C	3	21330.8724922023	0.5	30	0	1	0.01	0.7	0.7	FALSE
C	4	14786.1226382893	0.5	30	0	1	0.01	0.7	0.7	FALSE
C	5	11547.597885428	0.5	30	0	1	0.01	0.7	0.7	FALSE
C	6	9599.77830811557	0.5	30	0	1	0.01	0.7	0.7	FALSE
C	7	8316.0503346696	0.5	30	0	1	0.01	0.7	0.7	FALSE
C	8	7432.55457296758	0.5	30	0	1	0.01	0.7	0.7	FALSE
C	9	6800.1170556342	0.5	30	0	1	0.01	0.7	0.7	FALSE
C	10	6330.17523481365	0.5	30	0	1	0.01	0.7	0.7	FALSE
C	11	5979.9729745852	0.5	30	0	1	0.01	0.7	0.7	FALSE
C	12	5727.76602961271	0.5	30	0	1	0.01	0.7	0.7	FALSE
C	13	5552.65285620471	0.5	30	0	1	0.01	0.7	0.7	FALSE
C	14	5434.02933815585	0.5	30	0	1	0.01	0.7	0.7	FALSE
C	15	5361.61698851133	0.5	30	0	1	0.01	0.7	0.7	FALSE
C	1	27173.4576631795	0.7	42	0	1	0.01	0.7	0.7	FALSE
C	2	20805.4846854581	0.7	42	0	1	0.01	0.7	0.7	FALSE
C	3	20889.7938672486	0.7	42	0	1	0.01	0.7	0.7	FALSE
C	4	14268.2212031564	0.7	42	0	1	0.01	0.7	0.7	FALSE
C	5	11036.0112046561	0.7	42	0	1	0.01	0.7	0.7	FALSE
C	6	9103.18905172368	0.7	42	0	1	0.01	0.7	0.7	FALSE
C	7	7806.35539111759	0.7	42	0	1	0.01	0.7	0.7	FALSE
C	8	6853.94922155336	0.7	42	0	1	0.01	0.7	0.7	FALSE
C	9	6150.47633729259	0.7	42	0	1	0.01	0.7	0.7	FALSE
C	10	5630.82325634449	0.7	42	0	1	0.01	0.7	0.7	FALSE
C	11	5237.13524792566	0.7	42	0	1	0.01	0.7	0.7	FALSE
C	12	4925.09949679794	0.7	42	0	1	0.01	0.7	0.7	FALSE
C	13	4662.44752770557	0.7	42	0	1	0.01	0.7	0.7	FALSE
C	14	4437.55387150061	0.7	42	0	1	0.01	0.7	0.7	FALSE
C	15	4255.41322588837	0.7	42	0	1	0.01	0.7	0.7	FALSE
C	16	4122.15868534833	0.7	42	0	1	0.01	0.7	0.7	FALSE
C	17	4031.14687280274	0.7	42	0	1	0.01	0.7	0.7	FALSE
C	18	3964.720309992	0.7	42	0	1	0.01	0.7	0.7	FALSE
C	19	3906.8351919774	0.7	42	0	1	0.01	0.7	0.7	FALSE
C	20	3853.94149147663	0.7	42	0	1	0.01	0.7	0.7	FALSE
C	21	3814.71773131206	0.7	42	0	1	0.01	0.7	0.7	FALSE
C	1	22769.8458283879	0.9	54	0	1	0.01	0.7	0.7	FALSE
C	2	14875.0278053652	0.9	54	0	1	0.01	0.7	0.7	FALSE
C	3	20700.9849517396	0.9	54	0	1	0.01	0.7	0.7	FALSE
C	4	13974.9627693076	0.9	54	0	1	0.01	0.7	0.7	FALSE
C	5	10757.9875842211	0.9	54	0	1	0.01	0.7	0.7	FALSE
C	6	8767.16262493786	0.9	54	0	1	0.01	0.7	0.7	FALSE
C	7	7529.43694780782	0.9	54	0	1	0.01	0.7	0.7	FALSE
C	8	6642.06827416174	0.9	54	0	1	0.01	0.7	0.7	FALSE
C	9	5874.74785525986	0.9	54	0	1	0.01	0.7	0.7	FALSE
C	10	5330.86856776506	0.9	54	0	1	0.01	0.7	0.7	FALSE
C	11	4873.88869539823	0.9	54	0	1	0.01	0.7	0.7	FALSE
C	12	4526.85502632077	0.9	54	0	1	0.01	0.7	0.7	FALSE
C	13	4265.4893304468	0.9	54	0	1	0.01	0.7	0.7	FALSE
C	14	4040.33164731991	0.9	54	0	1	0.01	0.7	0.7	FALSE
C	15	3872.5877917521	0.9	54	0	1	0.01	0.7	0.7	FALSE
C	16	3718.58147669837	0.9	54	0	1	0.01	0.7	0.7	FALSE
C	17	3555.41565406662	0.9	54	0	1	0.01	0.7	0.7	FALSE
C	18	3401.00271581184	0.9	54	0	1	0.01	0.7	0.7	FALSE
C	19	3285.34887056231	0.9	54	0	1	0.01	0.7	0.7	FALSE
C	20	3203.43902935178	0.9	54	0	1	0.01	0.7	0.7	FALSE
C	21	3151.17621623684	0.9	54	0	1	0.01	0.7	0.7	FALSE
C	22	3122.44803209329	0.9	54	0	1	0.01	0.7	0.7	FALSE
C	23	3103.99373993536	0.9	54	0	1	0.01	0.7	0.7	FALSE
C	24	3075.51469407265	0.9	54	0	1	0.01	0.7	0.7	FALSE
C	25	3020.60388931248	0.9	54	0	1	0.01	0.7	0.7	FALSE
C	26	2968.24759001811	0.9	54	0	1	0.01	0.7	0.7	FALSE
C	27	2947.92223432255	0.9	54	0	1	0.01	0.7	0.7	FALSE
