0.05	50	0.2	0.1	0.05_50_0.2_0.1
0.00005	50	0.2	0.1	0.00005_50_0.2_0.1
0.05	100	0.2	0.1	0.05_100_0.2_0.1
0.00005	100	0.2	0.1	0.00005_100_0.2_0.1
0.05	200	0.2	0.1	0.05_200_0.2_0.1
0.00005	200	0.2	0.1	0.00005_200_0.2_0.1
0.05	50	0.2	0.2	0.05_50_0.2_0.2
0.00005	50	0.2	0.2	0.00005_50_0.2_0.2
0.05	100	0.2	0.2	0.05_100_0.2_0.2
0.00005	100	0.2	0.2	0.00005_100_0.2_0.2
0.05	200	0.2	0.2	0.05_200_0.2_0.2
0.00005	200	0.2	0.2	0.00005_200_0.2_0.2
0.05	50	0.2	0.3	0.05_50_0.2_0.3
0.00005	50	0.2	0.3	0.00005_50_0.2_0.3
0.05	100	0.2	0.3	0.05_100_0.2_0.3
0.00005	100	0.2	0.3	0.00005_100_0.2_0.3
0.05	200	0.2	0.3	0.05_200_0.2_0.3
0.00005	200	0.2	0.3	0.00005_200_0.2_0.3
0.05	50	0.2	0.4	0.05_50_0.2_0.4
0.00005	50	0.2	0.4	0.00005_50_0.2_0.4
0.05	100	0.2	0.4	0.05_100_0.2_0.4
0.00005	100	0.2	0.4	0.00005_100_0.2_0.4
0.05	200	0.2	0.4	0.05_200_0.2_0.4
0.00005	200	0.2	0.4	0.00005_200_0.2_0.4
0.05	50	0.2	0.5	0.05_50_0.2_0.5
0.00005	50	0.2	0.5	0.00005_50_0.2_0.5
0.05	100	0.2	0.5	0.05_100_0.2_0.5
0.00005	100	0.2	0.5	0.00005_100_0.2_0.5
0.05	200	0.2	0.5	0.05_200_0.2_0.5
0.00005	200	0.2	0.5	0.00005_200_0.2_0.5
0.05	50	0.2	0.6	0.05_50_0.2_0.6
0.00005	50	0.2	0.6	0.00005_50_0.2_0.6
0.05	100	0.2	0.6	0.05_100_0.2_0.6
0.00005	100	0.2	0.6	0.00005_100_0.2_0.6
0.05	200	0.2	0.6	0.05_200_0.2_0.6
0.00005	200	0.2	0.6	0.00005_200_0.2_0.6
0.05	50	0.2	0.7	0.05_50_0.2_0.7
0.00005	50	0.2	0.7	0.00005_50_0.2_0.7
0.05	100	0.2	0.7	0.05_100_0.2_0.7
0.00005	100	0.2	0.7	0.00005_100_0.2_0.7
0.05	200	0.2	0.7	0.05_200_0.2_0.7
0.00005	200	0.2	0.7	0.00005_200_0.2_0.7
0.05	50	0.2	0.8	0.05_50_0.2_0.8
0.00005	50	0.2	0.8	0.00005_50_0.2_0.8
0.05	100	0.2	0.8	0.05_100_0.2_0.8
0.00005	100	0.2	0.8	0.00005_100_0.2_0.8
0.05	200	0.2	0.8	0.05_200_0.2_0.8
0.00005	200	0.2	0.8	0.00005_200_0.2_0.8
0.05	50	0.2	0.9	0.05_50_0.2_0.9
0.00005	50	0.2	0.9	0.00005_50_0.2_0.9
0.05	100	0.2	0.9	0.05_100_0.2_0.9
0.00005	100	0.2	0.9	0.00005_100_0.2_0.9
0.05	200	0.2	0.9	0.05_200_0.2_0.9
0.00005	200	0.2	0.9	0.00005_200_0.2_0.9
0.05	50	0.2	1	0.05_50_0.2_1
0.00005	50	0.2	1	0.00005_50_0.2_1
0.05	100	0.2	1	0.05_100_0.2_1
0.00005	100	0.2	1	0.00005_100_0.2_1
0.05	200	0.2	1	0.05_200_0.2_1
0.00005	200	0.2	1	0.00005_200_0.2_1
0.05	50	0.2	2	0.05_50_0.2_2
0.00005	50	0.2	2	0.00005_50_0.2_2
0.05	100	0.2	2	0.05_100_0.2_2
0.00005	100	0.2	2	0.00005_100_0.2_2
0.05	200	0.2	2	0.05_200_0.2_2
0.00005	200	0.2	2	0.00005_200_0.2_2
0.05	50	0.2	3	0.05_50_0.2_3
0.00005	50	0.2	3	0.00005_50_0.2_3
0.05	100	0.2	3	0.05_100_0.2_3
0.00005	100	0.2	3	0.00005_100_0.2_3
0.05	200	0.2	3	0.05_200_0.2_3
0.00005	200	0.2	3	0.00005_200_0.2_3
0.05	50	0.2	4	0.05_50_0.2_4
0.00005	50	0.2	4	0.00005_50_0.2_4
0.05	100	0.2	4	0.05_100_0.2_4
0.00005	100	0.2	4	0.00005_100_0.2_4
0.05	200	0.2	4	0.05_200_0.2_4
0.00005	200	0.2	4	0.00005_200_0.2_4
0.05	50	0.2	5	0.05_50_0.2_5
0.00005	50	0.2	5	0.00005_50_0.2_5
0.05	100	0.2	5	0.05_100_0.2_5
0.00005	100	0.2	5	0.00005_100_0.2_5
0.05	200	0.2	5	0.05_200_0.2_5
0.00005	200	0.2	5	0.00005_200_0.2_5
0.05	50	0.2	6	0.05_50_0.2_6
0.00005	50	0.2	6	0.00005_50_0.2_6
0.05	100	0.2	6	0.05_100_0.2_6
0.00005	100	0.2	6	0.00005_100_0.2_6
0.05	200	0.2	6	0.05_200_0.2_6
0.00005	200	0.2	6	0.00005_200_0.2_6
0.05	50	0.2	7	0.05_50_0.2_7
0.00005	50	0.2	7	0.00005_50_0.2_7
0.05	100	0.2	7	0.05_100_0.2_7
0.00005	100	0.2	7	0.00005_100_0.2_7
0.05	200	0.2	7	0.05_200_0.2_7
0.00005	200	0.2	7	0.00005_200_0.2_7
0.05	50	0.2	8	0.05_50_0.2_8
0.00005	50	0.2	8	0.00005_50_0.2_8
0.05	100	0.2	8	0.05_100_0.2_8
0.00005	100	0.2	8	0.00005_100_0.2_8
0.05	200	0.2	8	0.05_200_0.2_8
0.00005	200	0.2	8	0.00005_200_0.2_8
0.05	50	0.2	9	0.05_50_0.2_9
0.00005	50	0.2	9	0.00005_50_0.2_9
0.05	100	0.2	9	0.05_100_0.2_9
0.00005	100	0.2	9	0.00005_100_0.2_9
0.05	200	0.2	9	0.05_200_0.2_9
0.00005	200	0.2	9	0.00005_200_0.2_9
0.05	50	0.2	10	0.05_50_0.2_10
0.00005	50	0.2	10	0.00005_50_0.2_10
0.05	100	0.2	10	0.05_100_0.2_10
0.00005	100	0.2	10	0.00005_100_0.2_10
0.05	200	0.2	10	0.05_200_0.2_10
0.00005	200	0.2	10	0.00005_200_0.2_10
